9789878941226
9789874201904
9789874767738
9789875002357
9789875001367
9789505157433
9789872101169
9789878432212
9789878432182
9789878432007
9789878372679
9789878372181
9789878326078
9789874767752
9789874729040
9789874675682
9789874276445
9789874267900
9789874259554
9789874251770
9789874247704
9789874222510
9789874213051
9789874027504
9789873951855
9789873951749
9789873951602
9789873951497
9789873951466
9789873951459
9789873951442
9789873951312
9789873951237
9789873951190
9789873951138
9789873951084
9789871895687
9789871435623
9789505159963
9789505159956
9789505159079
9789505157952
9789505157860
9789505157808
9789505157723
9789505157686
9789505157600
9789505157594
9789505156054
9789505156047
9789505156023
9789505156016
9789505155170
9789505155163
9789879318553
24225401
9789878670690
9789878432090
9789877122237
9789874285812
9789874136350
9789871982790
9789871982653
9789505157501
9789505156597
9789874215284
9789874136862
9789871673360
9789504974253
